0.0166667 0.0166667 0 0 0 0
0.0227606 0.00196571 -1.86527 0.195299 0.371886 0.12
0.396467 0.209367 2.06179 0.00964365 0.355707 0.4
0.4268 0.770665 0.491045 0.278513 -0.902605 0.12
0.352565 0.899865 -0.981533 -0.100102 0.231841 0.2
0.318431 0.86847 2.65101 -0.0341301 -0.113849 0.24
0.269131 0.872754 0.589402 -0.704458 -0.0668504 0.08
0.406313 0.851754 -1.27586 0.0303266 0.909546 0.08
0.244396 0.472964 2.94571 0.46613 -0.332033 0.04
0.355728 0.355382 1.66948 0.0333689 0.46109 0.16
0.510224 0.20396 -0.784819 0.316702 0.209515 0.12
0.930683 0.517109 -3.04277 -0.88569 0.48371 0.28
0.914629 0.699227 0.884288 0.421844 -0.401167 0.04
0.902846 0.865092 -0.980978 -0.22274 0.329372 0.12
0.783535 0.444351 -2.6499 -0.819691 -0.246444 0.08
0.655257 0.34168 0.19727 0.275621 0.508204 0.04
0.730377 0.12594 -1.27531 -0.478592 0.0588254 0.12
0.811288 0.1329 -3.0424 -0.169058 0.366579 0.24
0.552527 0.365373 1.86638 0.0703822 -0.461877 0.04
0.296111 0.262896 -1.17695 -0.118476 0.517342 0.4

