0.0166667 0.0166667 0
0.05 0.05 -2.15978
0.15 0.15 -2.35612
0.116667 0.116667 -2.55247
0.383333 0.216667 -3.1415
0.35 0.316667 1.96362
0.316667 0.35 1.96362
0.35 0.316667 1.86545
0.316667 0.583333 1.37459
0.35 0.616667 1.27642
0.416667 0.783333 0.78556
0.383333 0.75 0.589217
0.416667 0.783333 0.491045
0.416667 0.75 0.491045
0.45 0.783333 0.392873
0.483333 0.783333 -0.0979866
0.416667 0.85 -0.78519
0.35 0.883333 -0.78519
0.383333 0.883333 -2.45411
0.35 0.883333 -2.8468
0.316667 0.883333 2.94553
0.316667 0.883333 2.94553
0.316667 0.916667 1.76746
0.283333 0.883333 0.883917
0.316667 0.916667 0.785746
0.283333 0.883333 0.589402
0.316667 0.916667 0.393058
0.283333 0.883333 0.294886
0.316667 0.916667 0.0985425
0.283333 0.883333 0.000370614
0.416667 0.85 -0.686833
0.383333 0.883333 -0.883176
0.416667 0.85 -0.981348
0.383333 0.716667 -1.76672
0.316667 0.55 -2.15941
0.283333 0.483333 -2.35575
0.25 0.483333 -2.5521
0.283333 0.45 2.84754
0.25 0.483333 2.55302
0.316667 0.416667 2.55302
0.283333 0.45 2.45485
0.35 0.35 1.96399
0.35 0.283333 1.66948
0.383333 0.316667 0.982275
0.35 0.316667 0.295072
0.283333 0.283333 -0.097616
0.483333 0.216667 -0.588475
0.516667 0.216667 -0.784819
0.583333 0.35 -2.15923
0.616667 0.383333 -2.35557
0.683333 0.45 -2.74826
0.916667 0.516667 -3.04277
0.883333 0.55 2.45504
0.85 0.583333 1.96418
0.883333 0.483333 1.96418
0.883333 0.55 1.57149
0.883333 0.65 1.47332
0.85 0.583333 1.08063
0.916667 0.683333 0.884288
0.983333 0.783333 0.589772
0.983333 0.783333 0.589772
0.95 0.816667 -0.686462
0.916667 0.85 -0.980978
0.916667 0.85 -0.980978
0.95 0.683333 -1.47184
0.916667 0.55 -1.9627
0.883333 0.516667 -2.45356
0.716667 0.416667 -2.55173
0.783333 0.45 -2.6499
0.65 0.416667 2.84791
0.65 0.35 0.982645
0.616667 0.35 -0.0972453
0.616667 0.316667 -1.07896
0.75 0.0833333 -1.27531
0.716667 0.116667 -1.27531
0.75 0.0833333 -1.27531
0.783333 0.116667 -2.15885
0.816667 0.116667 -3.0424
0.783333 0.116667 3.04444
0.883333 0.0833333 2.65175
0.716667 0.183333 2.55358
0.683333 0.216667 2.45541
0.583333 0.316667 2.25906
0.55 0.35 2.16089
0.45 0.216667 0.786487
0.483333 0.216667 0.688315
0.45 0.216667 0.197456
0.383333 0.216667 0.00111184
0.316667 0.216667 -1.17695
0.283333 0.25 -1.17695
0.283333 0.216667 -2.0605
0.25 0.183333 -2.45319
0.0166667 0.0166667 -2.94404
0 0 0
