0.01 0.01 0 0 0 0
0.0123734 0.0121094 1.93752 0.092398 0.484379 0.04
0.0135224 0.00972714 1.42314 -0.346643 -0.679756 0.1
0.0131413 0.00337328 1.77412 -0.319493 0.175486 0.02
0.0140928 0.0116636 0.503776 0.4392 -0.63517 0.02
0.0293757 0.0250515 1.07877 0.514562 0.143748 0.04
0.0316687 0.0293294 0.244243 0.485361 -0.834523 0.01
0.0319446 0.0300942 1.34025 -0.0653809 -0.86453 0.06
0.0636767 0.0713047 0.318734 0.904641 -0.170253 0.06
0.0740733 0.0791749 1.63564 0.68898 0.658453 0.02
0.0923134 0.0919122 -1.10048 0.761741 -0.684029 0.04
0.0940321 0.0980901 -1.98383 0.443312 0.599981 0.09
0.103122 0.11469 -2.3357 -0.949968 -0.175933 0.02
0.111011 0.111801 2.62585 0.651581 0.992309 0.05
0.115455 0.109367 1.96048 -0.528283 -0.694855 0.1
0.115755 0.112447 0.499844 0.11181 -0.48688 0.03
0.11468 0.11548 -2.39535 0.0903359 0.564665 0.06
0.122869 0.116447 2.00168 -0.315002 -0.628719 0.03
0.162368 0.138395 -0.575568 -0.961826 0.411771 0.09
0.161831 0.138678 -0.212674 -0.0304988 0.181447 0.02
0.168872 0.133259 -1.54245 0.316579 -0.443259 0.03
0.193657 0.120172 0.993524 0.615943 0.422662 0.06
0.182811 0.124482 -2.66439 -0.532926 -0.914478 0.04
0.191717 0.126035 2.40055 -0.473835 -0.609122 0.02
0.200343 0.136518 0.175706 -0.597632 0.811667 0.05
0.212863 0.138894 0.223208 0.63723 0.023751 0.02
0.216983 0.139829 -0.681436 0.422527 -0.904644 0.01
0.246493 0.15529 2.03463 0.657089 0.388009 0.07
0.249761 0.156897 -1.90947 0.152021 -0.78882 0.05
0.250806 0.159863 -1.2238 -0.314515 0.685674 0.01
0.249842 0.156078 -2.81401 0.108048 -0.397553 0.04
0.268028 0.163582 -2.55891 -0.985643 0.127551 0.02
0.275641 0.169308 -2.37232 -0.317957 0.0621959 0.03
0.272412 0.166182 -2.94492 0.449452 -0.572599 0.01
0.285271 0.182916 -0.788207 -0.842464 0.718904 0.03
0.283576 0.185486 -1.31984 -0.0778246 -0.132909 0.04
0.281447 0.192183 -1.09286 -0.351958 0.113489 0.02
0.282777 0.189617 -1.21902 0.289021 -0.126153 0.01
0.29008 0.188972 0.372726 -0.337486 -0.670206 0.07
0.291532 0.189839 1.03401 0.0856991 0.330642 0.02
0.318344 0.210777 0.143581 0.585622 -0.148405 0.06
0.326742 0.211991 0.526959 0.848458 0.383378 0.01
0.324425 0.212549 -0.0483044 0.384722 0.95132 0.06
0.341097 0.216611 1.1008 0.894697 0.574553 0.02
0.345764 0.208205 -2.57755 -0.318961 0.651207 0.04
0.357238 0.204929 1.17903 -0.511775 -0.842199 0.03
0.355137 0.199321 1.31179 -0.299601 0.0663773 0.02
0.366952 0.190588 -2.10747 -0.350695 0.477321 0.06
0.374146 0.194519 2.29078 -0.402432 -0.816812 0.1
0.380405 0.187381 2.62398 -0.949329 0.333204 0.01
0.382139 0.189579 0.1283 -0.134572 0.946876 0.04
0.391016 0.194773 1.73274 0.558561 0.802218 0.02
0.389363 0.199464 2.4399 0.252622 0.353584 0.02
0.449608 0.209159 -1.92937 -0.713254 0.191391 0.1
0.448495 0.212517 0.382937 -0.177647 0.955055 0.09
0.453334 0.211232 -1.54482 0.192513 -0.642584 0.03
0.449417 0.200536 -3.05301 0.612584 -0.754095 0.02
0.449716 0.200562 -2.84418 -0.0300136 0.208829 0.01
0.456854 0.201247 2.83378 -0.242297 -0.201745 0.03
0.45554 0.201733 2.7222 0.0233611 -0.0185954 0.06
0.453465 0.209891 1.81334 -0.830404 0.89572 0.06
0.441902 0.251556 1.88091 0.720797 0.0112627 0.06
0.421843 0.267988 -2.67924 0.967878 0.574343 0.03
0.424298 0.27046 -1.3738 -0.183892 0.65272 0.02
0.419907 0.280762 -0.550031 -0.57203 0.411886 0.02
0.407864 0.280765 1.09936 -0.445156 0.549795 0.03
0.407862 0.281585 2.99518 0.0461276 0.947913 0.02
0.411147 0.281101 2.58894 -0.332074 -0.406244 0.01
0.40687 0.283739 -2.70433 0.502538 0.989916 0.01
0.417776 0.293391 -1.55544 -0.759274 0.574444 0.02
0.399671 0.300451 1.60084 -0.746993 0.789071 0.04
0.39085 0.30116 -1.34389 0.184185 0.417307 0.08
0.39824 0.313437 2.6331 -0.587854 -0.768731 0.03
0.382945 0.31519 -2.07262 0.833761 0.788734 0.02
0.384247 0.313634 -0.323668 -0.0841753 -0.647748 0.07
0.387237 0.312631 0.129536 0.315341 0.453204 0.01
0.395902 0.32435 2.54323 0.610624 0.804564 0.03
0.380894 0.348321 1.30406 0.998733 -0.413058 0.03
0.380174 0.364554 2.2373 0.559515 0.311082 0.03
0.380674 0.363967 2.34237 -0.0192762 0.0262669 0.04
0.383702 0.356939 0.883515 -0.409612 -0.729427 0.02
0.383231 0.37318 3.03246 0.647741 0.716314 0.03
0.387158 0.37401 -2.29869 -0.138414 0.317347 0.03
0.410451 0.435946 -1.48051 -0.680344 0.0818176 0.1
0.407301 0.434099 -2.93779 -0.214621 0.804318 0.06
0.406411 0.430385 0.0802536 0.140973 0.75451 0.04
0.407119 0.439438 -3.02484 0.159525 0.353121 0.09
0.361392 0.476589 1.46049 0.750623 -0.199761 0.09
0.372126 0.477921 -1.74831 0.285946 -0.5348 0.06
0.372157 0.477776 -1.76419 0.718033 -0.787383 0.08
0.376275 0.5203 -1.53822 -0.611602 0.0322818 0.07
0.37614 0.524435 -1.26698 -0.413709 0.271236 0.01
0.376695 0.521807 -0.696634 0.35473 0.761504 0.09
0.36412 0.55467 -1.85937 -0.465212 -0.145342 0.08
0.363106 0.553738 -2.28609 -0.207948 0.650719 0.09
0.365574 0.556578 -1.37178 -0.376192 0.91431 0.01
0.364223 0.563276 -1.82687 -0.683317 -0.455094 0.01
0.379546 0.556088 0.0730449 -0.883183 -0.876654 0.05
0.37965 0.562442 -2.25952 0.327658 0.987656 0.04
0.3881 0.605292 -1.07388 -0.771104 0.197607 0.06
0.399974 0.62995 2.68747 -0.890956 -0.63046 0.04
0.392032 0.633827 2.34784 0.883748 -0.339628 0.01
0.397276 0.636435 -1.84399 0.140832 -0.419183 0.1
0.37389 0.690967 -0.336596 -0.652871 0.15074 0.1
0.363734 0.695812 -1.36615 -0.903194 -0.812526 0.09
0.356409 0.722091 -1.20945 -0.390118 0.0223858 0.07
0.343574 0.732855 -0.0725447 -0.176794 0.11369 0.1
0.342755 0.732623 1.32419 -0.0452954 0.698369 0.02
0.347283 0.736678 -0.797449 0.313512 -0.93387 0.09
0.346476 0.737505 0.19295 -0.115615 0.990399 0.01
0.308994 0.699078 1.64472 -0.975961 0.241962 0.06
0.27286 0.634108 0.336362 -0.887238 -0.145373 0.09
0.274145 0.632375 -1.4522 -0.101223 0.749105 0.06
0.274079 0.632208 -1.86067 -0.0257482 0.587471 0.1
0.274218 0.631046 -1.72422 -0.574781 -0.68297 0.09
0.274538 0.623765 -1.25077 0.122581 0.0789081 0.06
0.272105 0.622563 3.02295 -0.133271 0.854743 0.05
0.271424 0.621391 -0.352203 0.0391164 0.581607 0.05
0.271806 0.621368 0.521917 0.0131295 0.291373 0.03
0.258403 0.602266 1.61453 -0.489787 0.218522 0.05
0.258186 0.607211 2.02775 0.495048 0.413222 0.01
0.255336 0.604724 -1.46601 -0.162541 -0.87344 0.04
0.255798 0.603821 -0.483849 0.0263174 0.245541 0.04
0.250839 0.610054 -2.14345 -0.435166 -0.829798 0.02
0.248104 0.605812 -2.85335 0.504727 -0.709905 0.01
0.245905 0.601964 -1.92106 -0.288867 -0.594544 0.09
0.226966 0.589427 2.45482 0.870458 -0.635767 0.03
0.224566 0.588704 -2.41089 -0.102861 -0.540635 0.09
0.231356 0.59479 -2.0193 -0.911872 0.39159 0.01
0.211846 0.561021 -2.22037 0.976533 -0.0502666 0.04
0.209502 0.561106 3.02207 -0.199649 0.87374 0.06
0.241633 0.519808 1.17859 -0.862378 -0.263355 0.07
0.241049 0.518396 0.211549 -0.152811 -0.96704 0.01
0.246686 0.511087 -2.48939 0.211106 -0.450156 0.06
0.251739 0.512459 2.24567 -0.282729 -0.774065 0.02
0.257647 0.505077 2.65372 -0.945498 0.408053 0.01
0.24736 0.500258 -0.851579 0.515852 0.925962 0.03
0.24419 0.503878 -1.4913 -0.481224 -0.639723 0.01
0.250557 0.519242 2.90236 -0.933817 -0.944759 0.02
0.29646 0.489693 2.14186 -0.698857 -0.0950632 0.08
0.297074 0.494421 0.0415083 0.188462 -0.700117 0.03
0.297073 0.49442 0.153543 0.000818608 -0.771394 0.08
0.290029 0.49253 0.58847 -0.366801 0.217464 0.02
0.289922 0.49612 -2.74742 0.160722 0.923049 0.1
0.330763 0.477265 1.64616 -0.654035 -0.236201 0.08
0.331496 0.467553 0.952696 -0.97394 -0.693464 0.01
0.328467 0.463293 0.1819 -0.522656 -0.770796 0.01
0.334766 0.461992 -1.36044 0.34708 -0.771168 0.02
0.334709 0.462082 0.0786038 -0.00566165 0.71952 0.02
0.324871 0.461307 -0.873007 -0.986901 -0.951611 0.01
0.32687 0.465107 2.45477 -0.125626 -0.591082 0.05
0.338501 0.460232 3.13125 -0.183569 0.0966397 0.07
0.362658 0.432005 0.99973 -0.898059 -0.426303 0.05
0.366526 0.438025 1.3261 0.715542 0.326366 0.01
0.365727 0.437971 -1.6123 -0.0167579 -0.419771 0.07
0.365511 0.432761 -1.69192 0.52149 -0.0796162 0.01
0.365655 0.438977 -1.30008 -0.312394 0.19592 0.02
0.368222 0.430316 -1.23047 0.451734 0.034801 0.02
0.389259 0.437935 1.53449 -0.442368 -0.390914 0.09
0.387883 0.38796 1.55644 -0.999903 0.00439129 0.05
0.395495 0.386059 -2.94629 0.439307 -0.900547 0.05
0.380484 0.367798 -1.11299 0.676668 0.458325 0.04
0.380047 0.367438 1.59874 0.0250471 -0.892863 0.04
0.395117 0.339327 2.83649 -0.847273 0.309437 0.04
0.414051 0.320764 1.70755 -0.465605 -0.188156 0.06
0.415021 0.313711 1.83278 -0.711933 0.125233 0.01
0.416788 0.31613 -0.548174 0.0946043 -0.595239 0.04
0.423847 0.31182 -1.15407 0.827054 -0.605892 0.01
0.4211 0.31575 -0.380583 -0.244304 0.386741 0.02
0.428307 0.312866 -0.884798 0.776319 -0.504215 0.01
0.430426 0.310903 -0.564265 0.0414432 0.0457904 0.07
0.451121 0.303498 0.0241019 0.557007 0.147092 0.04
0.455442 0.303727 0.140248 0.216416 0.0580732 0.02
0.471478 0.31466 1.51458 0.694688 0.458111 0.03
0.472494 0.314299 -1.55407 -0.034097 0.642906 0.05
0.477388 0.312364 0.239786 -0.1865 -0.561166 0.08
0.477442 0.31244 0.700855 -0.018996 -0.970353 0.06
0.483003 0.317132 0.559614 0.727629 -0.14124 0.01
0.4454 0.265458 1.40873 -0.658487 0.0849117 0.1
0.449866 0.267575 0.201681 -0.308865 0.725162 0.07
0.451396 0.255679 -2.08939 -0.630103 0.998029 0.04
0.446928 0.253305 2.14009 0.264166 -0.926322 0.09
0.420264 0.193905 -0.0626358 -0.802458 -0.220272 0.1
0.43395 0.197558 1.23134 0.746982 0.646988 0.02
0.433212 0.195558 0.302277 -0.207297 -0.901531 0.08
0.429128 0.188979 2.44106 -0.308144 0.712928 0.03
0.421272 0.18232 -1.5313 -0.27658 -0.496545 0.08
0.420959 0.190257 -0.695512 -0.794344 0.835785 0.01
0.403377 0.169903 1.88295 0.732296 -0.529247 0.07
0.417106 0.171249 -0.687945 -0.688937 0.999548 0.1
0.417076 0.171313 -0.698388 0.583648 0.896106 0.07
0.414666 0.172459 -1.1511 -0.55041 -0.962271 0.07
0.414625 0.171607 -1.49115 -0.147549 0.594314 0.1
0.413983 0.174228 -2.02135 -0.425473 -0.851673 0.08
0.412051 0.173191 -2.55821 -0.290505 0.718291 0.08
0.411973 0.173078 -2.57183 0.774501 -0.787101 0.08
0.3424 0.147576 -3.05723 0.748248 -0.0485399 0.1
0.336403 0.147069 -2.3854 0.601867 0.671833 0.01
0.291439 0.150887 1.97574 0.659665 -0.240256 0.08
0.290673 0.152675 2.32531 0.194569 0.349569 0.01
0.28245 0.141847 -1.41858 -0.642233 -0.935973 0.04
0.25831 0.110322 2.85028 0.939775 -0.402865 0.05
0.257084 0.110689 2.59797 0.127934 -0.252308 0.01
0.256837 0.109536 1.07333 0.078237 0.951709 0.05
0.25747 0.110701 1.11092 0.132546 0.0375844 0.01
0.257973 0.111716 0.525717 0.113255 -0.585202 0.01
0.255803 0.100184 2.58754 -0.233891 0.343637 0.06
0.255007 0.100286 2.66329 -0.80177 -0.775929 0.08
0.229293 0.0858512 -0.980332 0.986325 0.659891 0.04
0.23491 0.0823329 0.702897 0.363098 0.841614 0.02
0.206745 0.0723836 -0.104515 -0.3069 -0.0807412 0.1
0.206468 0.0722981 0.973421 -0.00758071 0.269484 0.04
0.188181 0.068694 -0.778939 -0.235799 -0.194707 0.09
0.183434 0.0600227 2.27236 0.314283 -0.646378 0.05
0.181297 0.0641766 1.3665 0.239681 -0.452929 0.02
0.180823 0.0651613 2.12067 -0.0810364 -0.552901 0.1
0.180472 0.0650894 -1.10465 0.0107964 0.611574 0.05
0.169045 0.0622344 0.877491 0.493845 -0.716841 0.06
0.163586 0.0619508 -0.194695 0.305533 0.579 0.09
0.143396 0.0534592 1.22808 -0.39683 0.237129 0.06
0.140177 0.0444389 2.00674 -0.957723 0.778665 0.01
0.137081 0.0320931 1.18997 0.865139 0.546641 0.1
0.134121 0.0223424 1.40541 -0.204178 0.0430892 0.05
0.134086 0.0222839 1.44772 -0.124108 0.790687 0.08
0.11547 0.0154619 -0.0635089 0.966546 0.681707 0.07
0.101244 0.00312084 1.88166 -0.440533 0.389033 0.05
0.0748875 0.00434415 -1.36764 0.789401 0.606778 0.05
0.0755923 0.000922875 -0.694009 0.349311 0.673631 0.01
0.065279 0.00169293 1.16444 -0.393479 0.619482 0.03
0.040237 0.00134263 -0.567562 0.922646 0.568898 0.08
0.0407753 0.00099943 -0.345786 0.0638427 0.221777 0.01
0.0409677 0.00102704 -0.253576 -0.180503 -0.884425 0.07
0.025732 0.00258003 0.202412 -0.514442 0.151996 0.03
0.0176531 0.000214812 0.531986 -0.422334 0.164787 0.02
0.01 0.01 0
