0.01 0.01 0 0 0 0
0.0374395 0.0218358 0.977348 0.517871 0.162891 0.06
0.0375152 0.0226802 1.23179 -0.245873 -0.753593 0.08
0.0376487 0.022549 -1.83519 -0.00856567 0.949939 0.1
0.0390026 0.0275499 -2.69975 -0.518093 -0.864556 0.01
0.0368599 0.0274238 2.43433 0.0751802 -0.383037 0.03
0.0369775 0.0234749 1.27966 0.183581 0.512852 0.1
0.0339462 0.0217462 0.351954 0.228654 0.595053 0.09
0.0360167 0.0204364 -2.09072 0.0783889 -0.610669 0.04
0.0364394 0.0229752 -0.603784 -0.144041 0.777012 0.1
0.0309829 0.0267385 -1.42138 -0.662835 -0.817591 0.01
0.0307785 0.0275989 -0.447167 -0.0741301 0.806377 0.09
0.0305059 0.0326825 -1.99543 0.21237 0.591865 0.08
0.0298898 0.0318541 -2.85467 0.0528327 -0.429621 0.02
0.029735 0.0317693 -2.28387 0.00446837 0.142699 0.04
0.036438 0.0392567 -2.32945 -0.251255 -0.011394 0.04
0.0423177 0.0539117 -1.19813 -0.552218 0.377106 0.03
0.0503944 0.0458445 0.0418342 0.403149 0.413322 0.03
0.0987779 0.0951554 1.71529 0.777645 0.167346 0.1
0.0992328 0.097321 1.94225 0.876325 0.93002 0.07
0.0979424 0.0939274 -0.262161 -0.146166 -0.734804 0.03
0.0924422 0.0950897 0.758634 -0.507254 0.912998 0.08
0.0923674 0.0949263 0.60419 -0.103384 -0.919661 0.07
0.0955403 0.0971166 0.92679 0.385545 0.3226 0.01
0.0971113 0.099009 -0.082442 0.223918 -0.911552 0.08
0.152914 0.150871 1.76479 0.880715 0.184723 0.1
0.153955 0.154424 1.39859 -0.59279 0.591699 0.1
0.156539 0.158477 0.410074 0.100009 -0.197704 0.05
0.159273 0.156145 -2.56644 0.131082 -0.744128 0.04
0.16725 0.176324 -0.708832 -0.825425 0.619202 0.03
0.165424 0.173814 -3.14019 -0.0899404 0.550261 0.07
0.170695 0.167096 0.429644 -0.379933 -0.899654 0.1
0.179029 0.167376 -1.15465 0.451946 -0.792144 0.02
0.186717 0.180554 2.6104 -0.496238 -0.629535 0.04
0.183394 0.182506 -2.72717 0.385501 0.945611 0.01
0.197181 0.189448 -2.51928 -0.772849 0.103949 0.02
0.190059 0.19439 0.691344 0.262349 -0.614513 0.05
0.211606 0.202113 -0.350276 0.794569 -0.347207 0.03
0.20877 0.206328 -0.768901 0.994543 0.837794 0.07
0.211888 0.205505 0.763939 0.117496 0.510947 0.03
0.216363 0.209792 1.02256 0.619698 0.258621 0.01
0.216476 0.209886 1.06723 0.227025 0.703095 0.09
0.268892 0.263487 0.465785 0.761005 -0.0601445 0.1
0.27043 0.264592 -0.214697 0.270828 -0.99481 0.07
0.285264 0.28539 2.89442 0.968116 0.777278 0.04
0.284298 0.286927 2.32065 -0.293954 0.95157 0.06
0.291129 0.283529 -3.00442 -0.197761 0.239527 0.04
0.293067 0.295086 -1.00499 0.368492 -0.535468 0.08
0.297765 0.296195 0.833543 -0.189502 -0.634951 0.07
0.309353 0.304616 0.218151 0.484257 -0.205131 0.03
0.311387 0.316403 1.92844 -0.508559 -0.653271 0.07
0.311799 0.314413 1.54513 -0.0408809 -0.0766621 0.05
0.310805 0.318289 3.0753 0.271052 0.976669 0.08
0.305315 0.302279 -1.11868 -0.507198 -0.524248 0.08
0.333573 0.322588 2.80048 0.812332 0.435462 0.09
0.338237 0.320348 2.37365 -0.260222 -0.213413 0.02
0.337888 0.32807 1.38818 -0.427807 0.529772 0.1
0.349751 0.350752 0.640002 0.523607 -0.149636 0.05
0.345343 0.355396 -1.84038 0.141945 0.422534 0.09
0.344352 0.351809 -2.20127 0.372154 -0.360893 0.01
0.369576 0.379342 -2.46809 -0.624141 -0.0444696 0.06
0.373603 0.365812 -0.876847 -0.753181 -0.781991 0.06
0.367693 0.372916 -0.0501802 -0.924069 0.826666 0.01
0.368515 0.369626 2.83098 0.141107 -0.850505 0.04
0.371539 0.372609 -1.78668 0.145708 -0.513074 0.09
0.407789 0.415332 -2.95721 -0.987772 -0.195089 0.06
0.40586 0.403586 -0.160187 0.210146 0.349628 0.08
0.40644 0.403029 -0.524032 -0.182371 0.84562 0.07
0.418048 0.410105 0.790799 -0.895001 -0.828059 0.06
0.41871 0.411127 0.46875 0.272504 -0.733915 0.09
0.428533 0.420852 1.85932 0.807699 0.767375 0.1
0.433672 0.433909 -0.313234 0.650654 -0.845574 0.1
0.431435 0.434612 -0.289781 -0.0586107 0.00586303 0.04
0.436629 0.433336 -0.143227 0.178417 0.0488515 0.03
0.432792 0.433889 -0.446331 -0.387677 -0.303104 0.01
0.435505 0.432591 0.232441 0.300788 0.678773 0.01
0.438214 0.433232 0.507506 0.278347 0.275064 0.01
0.42438 0.4307 -1.13636 -0.912821 -0.990881 0.08
0.44309 0.450566 2.29114 -0.64994 -0.475948 0.06
0.446949 0.44617 1.92058 -0.585015 -0.37056 0.01
0.464339 0.47329 -0.379351 0.804655 -0.459987 0.05
0.468056 0.461427 -1.4037 -0.930576 0.751263 0.07
0.493208 0.492414 2.93905 -0.585242 -0.242555 0.08
0.493657 0.49322 -1.75014 0.0582978 -0.937837 0.05
0.492016 0.484171 -1.27695 0.919633 0.473184 0.01
0.492565 0.493744 -2.09627 -0.140811 -0.117045 0.07
0.516842 0.492679 1.464 -0.668118 -0.544582 0.05
0.507918 0.485993 -0.725345 -0.339097 -0.547337 0.04
0.506567 0.488008 -1.74455 -0.125335 -0.509604 0.02
0.519728 0.495863 1.96187 -0.664507 -0.858919 0.03
0.533161 0.51026 -1.27372 0.903158 -0.951878 0.1
0.55045 0.520794 2.77283 0.45237 0.404655 0.1
0.543828 0.523353 -2.98313 0.709936 0.527228 0.01
0.547458 0.528719 -0.530234 -0.273576 0.817632 0.03
0.557774 0.537917 2.40603 0.289279 0.419466 0.07
0.556479 0.534298 -0.288433 -0.066078 -0.336807 0.08
0.549793 0.536281 -0.708924 -0.697414 -0.420492 0.01
0.562149 0.553296 -2.86304 0.958231 0.825815 0.05
0.565853 0.554356 -2.59028 -0.385339 0.272758 0.01
0.565957 0.554419 -2.32354 -0.0121526 0.266738 0.01
0.563405 0.551695 -1.79282 0.37332 0.530718 0.01
0.56457 0.5508 0.767731 0.0217445 0.284506 0.09
0.560406 0.54678 -0.0529517 -0.578838 -0.820683 0.01
0.619486 0.587106 1.43707 0.981123 0.186253 0.08
0.633863 0.614788 0.631413 0.45764 -0.115094 0.07
0.639518 0.61917 0.742547 0.357876 0.0555671 0.02
0.662481 0.632507 0.0934736 0.89913 -0.216358 0.03
0.667692 0.628053 -0.571482 -0.947825 0.936372 0.06
0.693077 0.627397 0.883566 0.690668 0.363762 0.04
0.752681 0.663534 0.121846 0.793284 -0.0846355 0.09
0.744656 0.669122 -0.802518 0.58058 0.535882 0.1
0.740281 0.671597 -0.035518 -0.128611 0.19175 0.04
0.738436 0.644227 -2.62508 -0.863805 0.615604 0.06
0.737284 0.640193 -0.297165 0.172813 0.775972 0.03
0.704215 0.629046 1.19635 -0.637766 0.248919 0.06
0.705237 0.631649 1.783 0.279666 0.586647 0.01
0.699516 0.616726 0.0479795 -0.597516 -0.578339 0.03
0.693603 0.619799 -1.27012 -0.143013 -0.263619 0.05
0.694211 0.605598 -2.63583 0.928645 -0.849878 0.09
0.685778 0.604767 2.69638 0.125632 -0.135854 0.07
0.690859 0.601911 2.49539 -0.194568 -0.0669971 0.03
0.691052 0.601549 0.761981 -0.0226169 -0.866702 0.02
0.677634 0.598775 -0.633462 -0.296646 -0.279089 0.05
0.663472 0.587194 1.48366 0.540323 -0.520758 0.08
0.656522 0.574539 0.23856 -0.510148 -0.415032 0.03
0.655892 0.57295 1.6613 0.0629992 -0.486044 0.1
0.656111 0.573346 1.19561 -0.0696731 0.727187 0.08
0.652745 0.5648 0.511586 -0.918432 -0.684026 0.01
0.60675 0.535759 0.63541 -0.907173 0.0206374 0.06
0.609704 0.532558 -2.87078 0.127599 -0.584365 0.06
0.624118 0.544799 -1.71539 -0.498388 0.288846 0.04
0.624483 0.545433 -2.8501 -0.0255755 -0.378235 0.03
0.623765 0.54552 -2.76471 0.744829 0.909796 0.07
0.598658 0.558869 1.35454 0.691518 -0.432787 0.05
0.591422 0.549165 0.222613 -0.318339 -0.282982 0.04
0.585861 0.548438 0.908388 -0.703836 0.87112 0.08
0.592744 0.549923 0.215143 -0.709547 0.698742 0.08
0.585644 0.548371 0.801708 -0.726771 0.586565 0.01
0.594234 0.547986 -0.126401 -0.717044 0.765011 0.07
0.592286 0.551306 -2.215 -0.0579598 -0.261074 0.08
0.53261 0.547192 2.16204 0.698289 -0.190616 0.1
0.528832 0.545882 -2.40857 -0.233577 -0.914121 0.05
0.526199 0.546442 1.04744 0.123694 -0.942393 0.03
0.534713 0.554173 -0.193379 0.603828 -0.620407 0.02
0.536361 0.549502 -1.74428 -0.183854 0.52581 0.09
0.525617 0.553474 0.598145 0.270053 -0.437863 0.09
0.519515 0.577849 2.48442 -0.842399 -0.549613 0.08
0.51344 0.574205 -2.05188 -0.294248 -0.648043 0.07
0.492071 0.590243 0.268875 0.714241 -0.495304 0.08
0.485462 0.597855 -2.35547 -0.194326 -0.374906 0.07
0.478855 0.604473 1.41075 -0.303381 0.627703 0.06
0.47066 0.602421 -0.355419 0.30456 0.564627 0.08
0.477354 0.609796 1.04681 -0.724003 -0.976192 0.05
0.475699 0.614492 1.8608 -0.553628 -0.911533 0.06
0.432798 0.645862 -2.90707 0.835432 0.216474 0.07
0.432798 0.645862 -2.90794 0.00737202 0.785289 0.08
0.425397 0.644101 -2.37189 0.760696 0.536056 0.01
0.429125 0.650387 -1.57444 -0.249443 0.265814 0.03
0.422133 0.656814 0.918934 -0.40448 0.831126 0.03
0.423194 0.658205 0.960264 0.174943 0.04133 0.01
0.423786 0.658996 1.67487 0.107059 0.777533 0.09
0.42174 0.652097 0.498039 -0.25265 -0.392278 0.03
0.406128 0.674768 -2.01455 0.601936 0.418955 0.09
0.402756 0.667674 -1.52062 0.785515 0.493937 0.01
0.40234 0.67595 -2.0896 -0.828659 -0.568987 0.01
0.396594 0.680619 1.66322 -0.350983 0.938204 0.04
0.393571 0.687076 3.0446 0.378874 0.690693 0.02
0.357025 0.731221 1.21925 0.941807 -0.260765 0.07
0.357874 0.734867 1.54641 0.0939722 0.081791 0.04
0.359084 0.736912 1.11085 -0.317018 0.584762 0.1
0.350591 0.733923 -0.691729 -0.147437 -0.257512 0.07
0.329 0.717072 2.55899 -0.734004 0.541786 0.06
0.324833 0.719817 3.13193 0.498962 0.572943 0.01
0.327742 0.71944 -2.63428 -0.423183 0.755573 0.09
0.303032 0.697926 -2.07678 0.829104 0.139377 0.04
0.301922 0.693988 -1.5217 0.0690428 0.092512 0.06
0.300477 0.680555 -2.14669 0.683884 -0.312495 0.02
0.306987 0.690377 -2.18407 -0.589218 -0.018688 0.02
0.301823 0.68304 -2.02112 0.897191 0.162953 0.01
0.298722 0.679836 2.98692 0.234785 -0.637576 0.02
0.2986 0.679402 0.336199 0.0165045 0.726494 0.05
0.29139 0.671663 2.27446 -0.597715 0.969129 0.02
0.285743 0.678317 1.85653 0.872738 -0.417928 0.01
0.287627 0.671903 1.58326 -0.668505 -0.273273 0.01
0.287533 0.679496 1.93694 0.759368 0.353685 0.01
0.246574 0.631629 -0.479395 -0.90182 -0.268482 0.09
0.243961 0.632987 -0.564136 -0.294479 -0.0847406 0.01
0.246396 0.629524 -1.54832 0.0880454 -0.196837 0.05
0.245929 0.622574 -1.75307 0.0872258 -0.0255932 0.08
0.246437 0.625331 -2.35404 -0.280351 -0.600971 0.01
0.242735 0.621613 -2.30866 0.524695 0.0453763 0.01
0.249028 0.628535 -1.63545 -0.935489 0.673215 0.01
0.249499 0.635808 -0.865168 -0.728897 0.770279 0.01
0.243007 0.633468 0.592001 0.481015 -0.965203 0.05
0.206521 0.594562 1.13317 -0.899602 0.0901952 0.06
0.208609 0.590575 -2.69665 -0.144325 0.61334 0.04
0.200092 0.586513 -2.69018 0.943592 0.0064725 0.01
0.205107 0.588945 3.02966 -0.557303 -0.563343 0.01
0.185577 0.577819 -1.74211 0.411704 0.251902 0.06
0.185214 0.57888 -1.62133 0.791551 -0.880344 0.07
0.183064 0.565443 -1.94574 0.455346 -0.108136 0.03
0.181412 0.561245 -1.11696 0.451232 0.828786 0.01
0.176637 0.54818 3.0216 0.419475 -0.536158 0.04
0.175416 0.54682 -2.07046 -0.115921 -0.727436 0.07
0.168196 0.544361 1.86379 0.345878 -0.863212 0.1
0.140345 0.529178 -1.41141 -0.856973 -0.545865 0.06
0.140134 0.52938 -0.949924 0.0516626 -0.831672 0.07
0.139007 0.531984 -1.80043 -0.14513 -0.425254 0.02
0.137086 0.524524 -0.954233 0.808644 0.891173 0.08
0.130478 0.535553 -1.2614 -0.644736 -0.153583 0.02
0.131622 0.533639 -0.344463 0.114488 0.458467 0.02
0.105888 0.545081 -0.566234 -0.940489 -0.0739237 0.03
0.0965076 0.538711 1.09974 0.496263 -0.659601 0.07
0.0947419 0.531588 2.01198 -0.376691 0.456117 0.02
0.0947436 0.531586 2.02537 0.0136044 -0.783724 0.08
0.0948305 0.531675 0.522886 -0.00837226 0.95614 0.05
0.0712817 0.507303 1.22211 -0.691246 0.139844 0.05
0.0607291 0.501994 -0.667803 -0.273826 -0.377982 0.05
0.0585272 0.482022 -2.98278 0.316336 -0.289372 0.08
0.055269 0.478119 -1.31118 0.0816387 0.2388 0.07
0.0548003 0.477819 1.60839 0.0228526 -0.840904 0.04
0.0983378 0.4319 -3.02638 -0.886605 0.206052 0.08
0.0978034 0.432179 1.66609 0.0166754 -0.39768 0.04
0.0971366 0.43427 2.93179 0.151087 0.838765 0.09
0.0900726 0.435774 3.05708 0.722231 0.125294 0.01
0.0556972 0.381093 -0.794816 0.83536 0.243129 0.1
0.0553333 0.383065 -2.27836 -0.0438603 -0.296709 0.05
0.0580922 0.383931 1.96194 -0.151308 -0.925119 0.09
0.0562721 0.386248 -2.79569 0.199954 0.976093 0.08
0.0517225 0.38285 -1.61309 0.29681 0.591301 0.02
0.0513548 0.380417 -1.93625 0.082331 -0.107723 0.03
0.0490753 0.380289 2.49148 -0.0626462 0.442773 0.1
0.0231343 0.361829 -0.620214 0.993037 0.634299 0.05
0.0256504 0.361469 0.442661 0.0266415 0.106287 0.1
0.0385226 0.366913 0.329084 0.349572 -0.0283942 0.04
0.0386194 0.368126 -2.8551 0.0459778 0.774751 0.04
0.0311024 0.365911 -2.13811 0.783635 0.716984 0.01
0.0399812 0.372948 2.81191 -0.59945 -0.666581 0.02
0.0481056 0.385297 -1.74569 0.856436 -0.911519 0.05
0.0475726 0.38228 -2.06408 0.306341 -0.318399 0.01
0.057917 0.381101 1.24163 -0.306467 -0.595494 0.05
0.0576411 0.380293 2.15578 -0.0853457 0.914155 0.01
0.0262939 0.336399 -0.598839 -0.941617 -0.344328 0.08
0.0212592 0.339835 -0.0217684 -0.609541 0.577071 0.01
0.0265549 0.33972 0.854142 0.529696 0.87591 0.01
0.0301416 0.336111 -1.83123 -0.154255 0.599635 0.06
0.0302916 0.332018 -0.642989 0.214194 0.594122 0.02
0.0304372 0.332504 -2.43924 0.020444 0.64099 0.07
0.0334235 0.335032 -2.93321 -0.391229 -0.49397 0.01
0.0368427 0.335755 -2.83278 -0.349476 0.100435 0.01
0.0229656 0.330571 -2.68684 0.494173 0.0486438 0.03
0.0261505 0.329339 1.06706 -0.152762 -0.881247 0.1
0.0287444 0.334045 1.78102 0.537373 0.713956 0.01
0.022803 0.323499 -0.147679 -0.351736 -0.482174 0.04
0.0376919 0.304196 -1.9863 0.467877 -0.306437 0.06
0.0166177 0.260486 -2.07067 0.970781 -0.0168731 0.05
0.0188158 0.260927 1.88517 -0.0700303 -0.581838 0.04
0.0186291 0.26095 -2.93453 -0.0110045 -0.803283 0.06
0.0161716 0.266119 1.58441 -0.323677 0.903788 0.05
0.0160559 0.274618 1.39487 0.84996 -0.18954 0.01
0.0154749 0.263103 1.89693 -0.581043 0.251034 0.02
0.00820585 0.264289 -3.04371 -0.473876 -0.823441 0.06
0.00251869 0.26373 -2.95513 0.571451 0.0885779 0.01
0.00393244 0.263058 1.64788 -0.0438193 -0.420042 0.04
0.011285 0.260814 -1.76143 -0.183998 0.478979 0.06
0.0438977 0.238867 1.04439 0.923765 0.467636 0.06
0.0515895 0.22608 2.35082 0.989371 -0.829458 0.06
0.0487946 0.228905 2.59979 0.397407 0.248961 0.01
0.0437375 0.211135 -0.665827 -0.593814 -0.653123 0.05
0.0442808 0.21096 -0.577841 -0.395687 -0.61952 0.1
0.0503899 0.212941 2.09649 0.284603 0.891444 0.03
0.0416551 0.213413 -1.54377 0.292816 0.660732 0.04
0.0412043 0.200525 -1.79173 0.646037 -0.123983 0.02
0.0292562 0.1856 3.12911 0.683481 -0.454115 0.03
0.0214427 0.193024 1.13614 0.316517 -0.498243 0.04
0.0211296 0.192349 1.21233 -0.0743556 0.0761874 0.01
0.0310876 0.153932 2.64055 -0.617101 0.204032 0.07
0.0392038 0.148768 2.37813 -0.482021 -0.13121 0.02
0.0332057 0.154509 1.74015 0.830244 -0.637979 0.01
0.0322972 0.159822 0.826649 0.539038 -0.913501 0.01
0.0207583 0.162793 -2.04971 -0.422948 -0.719089 0.04
0.00250468 0.106838 -1.65713 0.987099 0.0654295 0.06
0.0166319 0.107564 0.804504 -0.689815 -0.955388 0.04
0.0438453 0.0645932 -2.52127 -0.752572 0.295741 0.1
0.0294135 0.058114 -3.05017 0.399844 -0.132224 0.04
0.0349716 0.0581591 -2.45223 -0.703981 0.764569 0.09
0.0350959 0.0581464 2.02341 -0.00179271 -0.225943 0.08
0.0295933 0.0448656 -0.512816 -0.617816 -0.845408 0.03
0.025125 0.0427941 0.649457 0.320893 -0.731559 0.07
0.0186084 0.0378458 0.0998429 -0.818239 -0.549614 0.01
0.0118647 0.0176721 2.85588 -0.493386 0.459339 0.06
